/*
 * To change this license header, choose License Headers in Project Properties.
 * To change this template file, choose Tools | Templates
 * and open the template in the editor.
 */
package tugasakhirgenetika;

import java.util.ArrayList;
import java.util.LinkedList;
import tugasakhirgenetika.StemmingNaziefAndriani;
import Jama.Matrix;
import Jama.SingularValueDecomposition;

/**
 *
 * @author ASUS
 */
public class coba {

    public static int simpannilai;
    public static int dekat1;
    public static int dekat2;
    public static double nilaidekat;
    public static LinkedList a = new LinkedList();
    public static double aa[][]
            = {
                {
                    1.0, 0.02526154179013269, 0.036568413701145996, 0.014276925289460656, 0.006153684462156367, 0.02985394410339186, 0.07987461326570615, 0.02302219337517587, 0.03014807961418269, 0.07439249608140477, 0.046103020168830604, 0.04425714214512101, 0.006815573549560347, 0.01774633394586511, 0.007151908472467239, 0.02064512037041561, 0.017815514347884396, 0.008745627272745513, 0.03598135041576664, 0.00761313104003948, 0.018422676518711108, 0.05171549214854215, 0.05261722325062831, 0.027574460746159504, 0.037412025423681536, 0.05423331980339463, 0.07417089351199604, 0.012593538473459209, 0.01611476279986919, 0.02747222790310949, 0.0076686603902527154, 0.03957951948462889, 0.030965472558701065, 0.04369467803957773, 0.024030286769333293, 0.012061867453151933, 0.028778961910015957, 0.021462969518002466, 0.03907744130409174, 0.017877267609776676, 0.016192073540865805, 0.03829128681317882, 0.011110364300197661, 0.036674717571599826, 0.10702431889488122, 0.0419944096916451, 0.03470317993900429, 0.03571071443625855, 0.03522092613960316, 0.02014030454966695,}, {
                    0.02526154179013269, 1.0, 0.009223122027743837, 0.041453757331395, 0.025153072735791617, 0.022962032414464678, 0.025813906226478337, 0.032069183039690495, 0.033096907299006266, 0.01142023568376774, 0.012912182992172547, 0.037075744552984506, 0.02356069434858016, 0.03212273989043531, 0.024754117116364983, 0.026372574373556515, 0.013592708636817554, 0.013539410929858203, 0.06227300246143165, 0.010606257018283114, 0.011136565003475107, 0.009109401827606835, 0.0101943886068224, 0.015715311798334027, 0.01947492462797325, 0.011624254605228276, 0.033498138435048265, 0.012412331842773579, 0.044168590673237015, 0.013845214872145128, 0.009520472671775122, 0.03752529432159032, 0.019812869898173283, 0.015347546866162494, 0.014844571507104873, 0.022615154322391615, 0.03186837387860597, 0.006658199506975459, 0.0015780385809825868, 0.011686541953834133, 0.007600176701977576, 0.012947405642677849, 0.007162864599628949, 0.0015461111306966772, 0.030610800190731636, 0.013621400829730708, 0.017290778498165973, 0.001779293556756742, 0.009528391217116362, 0.007408709977288716,}, {
                    0.036568413701145996, 0.009223122027743837, 1.0, 0.11224368651618888, 0.014660876294978597, 0.015089353571422753, 0.03852271597189383, 0.04618892232823187, 0.04498466289417747, 0.03186903385568404, 0.04396468878175468, 0.020576893266234454, 0.020111665146663574, 0.015456092082323108, 0.008461243417454807, 0.016856716222813893, 0.025182345031807284, 0.006704882050773959, 0.011501566192026002, 1.6861378973259242E-15, 0.01022696686255738, 0.027804553880307215, 0.023828941437100376, 0.0011240420920939406, 0.003014448858235918, 0.02785141052905071, 0.03960489088827551, 0.030621296399364447, 0.01712232977379224, 0.009095426036534715, 0.017921544001405127, 0.037178590719049, 0.001393803501794686, 0.06154841407838006, 0.04523169420064948, 0.00130664832233545, 0.0054345816459920124, 2.4987088277472765E-15, 0.024531037536660222, -1.3221973768076812E-15, 0.026473263867995825, 0.03175969458117434, 0.0028637945193087243, 0.004821077385983022, 0.024779218014733814, 0.013895164927062517, 0.014942532123385949, 8.512745096732817E-4, 0.026908499966526472, 0.02175908540313394,}, {
                    0.014276925289460656, 0.041453757331395, 0.11224368651618888, 1.0, 0.021077336954088727, 0.06979998580197776, 0.017806564467285242, 0.0311882460945865, 0.0372159064731452, 0.009121541171006033, 0.02722156146455784, 0.02539748283263245, 0.023121968037129244, 0.02772413018039436, 0.004680419733090338, 0.016317257907745963, 0.02202857747494572, 0.017313422337101796, 0.016648376677670187, 0.022828522305391327, 0.005311410931350474, 0.030954787140581357, 0.012898556407280331, 0.02634631761060242, 0.04550183026829739, 0.025555098573710903, 0.057484596662451606, 0.003298011223280125, 0.040519201286986786, 0.029530637355325656, 0.024737063994749044, 0.01939270170264827, 0.028696351171930416, 0.02546617547927889, 0.036475004346994, 0.00192745826493558, 0.023020331055756772, -1.123257896849156E-16, 0.027132809410994316, 0.01306979876638631, 0.029717467201877967, 0.012304687233090745, 0.008337558365744468, 9.428855922801686E-4, 0.013620466209587918, 0.041296603996036504, 0.0014881101082220383, 0.004277735403551127, 0.018917395841741163, 0.01857283384612082,}, {
                    0.006153684462156367, 0.025153072735791617, 0.014660876294978597, 0.021077336954088727, 1.0, 0.030188948031971405, 0.01503982542844534, 0.037569248307716796, 0.008012890824762753, 0.023586115589284883, 0.019590871208254163, 0.007760090479275081, 0.07485480416964603, 0.05378085513794201, 0.036148917857488125, 0.03819358899327206, 0.02602259831778819, 0.00683778456593197, 0.025264937675610905, 0.03176596607613083, 0.11192283282018212, 0.017722603858777865, 0.020749034494162547, 0.0028030483129268986, 0.03886885482898606, 0.03120328127963516, 0.015310779045409447, 0.0034761370452860347, 0.06061217670862938, 0.017835532221116876, -2.0099231730763816E-15, 0.020389861070875537, 0.019328395495426608, 0.02325011501032571, 0.02697517595745973, 0.0038094351204523195, 0.04299225522730634, 9.25685470714916E-17, 0.005413286515449982, 0.010058787589252676, 0.005354819810505891, 0.02055674454123625, 0.009584517185752076, 5.6509718298066E-15, 0.026438246568129153, 0.0022005085777027657, 0.018501075697760747, 0.01478363625697672, 0.024542109345936532, 0.019370185658436973,}, {
                    0.02985394410339186, 0.022962032414464678, 0.015089353571422753, 0.06979998580197776, 0.030188948031971405, 0.9999999999999998, 0.02351377816099536, 0.016327607887060912, 0.07717835559606923, 0.0020856652714016845, 0.023171471541194106, 0.032935184972886056, 0.026994197190169943, 0.02652353429092247, 0.014269502905152987, 0.021464411784280095, 0.04251511087518049, 0.02132365003227794, 0.027457072603648155, 0.008811990280796775, 0.05859128168460986, 0.014458901548183346, 0.015970867469290544, 0.015436444578439103, 0.07986375881397546, 0.014962571314748038, 0.026170816124653575, 0.004456962127345014, 0.018618510239282425, 0.05303349669469808, 0.012917395615246997, 0.0088858863109543, 0.028304634980979227, 0.01586049750882885, 0.011034674753246819, 0.00445137856422577, 0.02722387076965152, 0.004229707660062525, 0.021734188016135296, -1.1682561968706123E-15, 0.018288396577574785, 0.014746662891909647, 0.011320229190298028, 0.004257528672351352, 0.031612903480330974, 0.017906175676834918, 0.014654921815515943, 0.014580726384891756, 0.014432770513188174, 0.01437251204752629,}, {
                    0.07987461326570615, 0.025813906226478337, 0.03852271597189383, 0.017806564467285242, 0.01503982542844534, 0.02351377816099536, 1.0, 0.0177297038162776, 0.03211173900214739, 0.07491763793276804, 0.0413949112976611, 0.08828389762083204, 0.023821415358968992, 0.031172039930886863, 0.012181052351034165, 0.018858752728843575, 0.02206602045412969, 0.02713145206208434, 0.03693979056338514, 0.031204240156827847, 0.026361028244364218, 0.06670531014265614, 0.04803893973202617, 0.02633471766270678, 0.02547979634870956, 0.03666960467945822, 0.10579486581469608, 0.013016694298455873, 0.03994320069376676, 0.03108344002263407, 0.0329604656873352, 0.03407062824148235, 0.013793300606946701, 0.07462554853798051, 0.03098343845551061, 0.02065194519023446, 0.031662911250703966, 0.01541014631931228, 0.04739583627059933, 0.060629946009734724, 0.023308572991117025, 0.027150102493178636, 0.01583969774117944, 0.0038853188482220837, 0.017306700183386592, 0.12662638197387308, 0.04272822444308795, 0.0037381401145686888, 0.08020530994417485, 0.0339989777243057,}, {
                    0.02302219337517587, 0.032069183039690495, 0.04618892232823187, 0.0311882460945865, 0.037569248307716796, 0.016327607887060912, 0.0177297038162776, 1.0, 0.04420046980572961, 0.02965552030567402, 0.05495638242894942, 0.04420544273525881, 0.05729310476288964, 0.06103274747389457, 0.009336895471721991, 0.2576290074408486, 0.017685389144102087, 0.03129719526444756, 0.05551183740769873, 0.025975234947088647, 0.021532073688980805, 0.02429615423483957, 0.026060021718321915, 0.014083656846748544, 0.036884323712824955, 0.04100680731592744, 0.0479423147019191, 0.016733865737153086, 0.01947195632818073, 0.018978963537283084, 0.008320788597047666, 0.027706933501538186, 0.07062182673668581, 0.034533773355074376, 0.06711977888707003, 0.03494212987020143, 0.14235333367889216, 6.069022232206796E-16, 0.00925326395240668, 0.013207427930692921, 0.023849482717689514, 0.023248542933631922, 0.022035912069303457, 8.539630227618836E-4, 0.022737226876727773, 0.02744218565287107, 0.006328399635278643, 0.006296759748206695, 0.010389901348955193, 0.049866292660138735,}, {
                    0.03014807961418269, 0.033096907299006266, 0.04498466289417747, 0.0372159064731452, 0.008012890824762753, 0.07717835559606923, 0.03211173900214739, 0.04420046980572961, 1.0, 0.024519862480648028, 0.0323311863663843, 0.05422662931828463, 0.03757369444871475, 0.02851350008242037, 0.005303060002004227, 0.012031107735603288, 0.04120322752549253, 0.012668806989567974, 0.025299586657099905, 0.006192362389709298, 0.018731106290520678, 0.044301123241655055, 0.01617005810417948, 0.03077858104932589, 0.10632377932045332, 0.021865058454011325, 0.025146881391530162, 0.012595461240351135, 0.025383646859718036, 0.02273229234462871, 0.013500301148513402, 0.009209566303486627, 0.021678153997772728, 0.04582142179749822, 0.025164751881779888, 0.0014284681566219496, 0.014400230060254137, 0.014905965334369574, 0.02215011720413513, 0.0030003666479722123, 0.022490794803571655, 0.008938986275773584, 0.006816769818754257, 0.042666032206369706, 0.04549232314899674, 0.026231975345139567, 0.014319206828361537, 0.022802443238627568, 0.0033770846068705254, 0.003843752406968466,}, {
                    0.07439249608140477, 0.01142023568376774, 0.03186903385568404, 0.009121541171006033, 0.023586115589284883, 0.0020856652714016845, 0.07491763793276804, 0.02965552030567402, 0.024519862480648028, 1.0000000000000002, 0.03764143673054275, 0.05273273228124814, 0.005882188070813898, 0.010345425566601755, 0.015483985703190428, 0.0025770283537743734, 0.005101399880921878, 0.006308538659269645, 0.03870786523925304, 0.0140686070731542, 0.013490391494244011, 0.04674564552655651, 0.05473370602835341, 0.02858508960231142, 0.010503070940765673, 0.05027769611269822, 0.0530072858585954, 0.023515644722633892, 0.013318487521248699, 0.015214614454055884, -6.3434637193337715E-15, 0.03212592291240591, 0.019107616807918604, 0.05839409127338222, 0.02107383824591493, 0.04138736227323573, 0.03945230795261029, 0.029213501402795623, 0.025669693160938804, 0.02101197716322165, 0.03012082014223851, 0.03632211867364323, 0.037590237288831166, 0.0023216128897322564, 0.02075518095836167, 0.03766895636260762, 0.051895307051309715, 0.03493797614832662, 0.055291141194192976, 0.039428011832280466,}, {
                    0.046103020168830604, 0.012912182992172547, 0.04396468878175468, 0.02722156146455784, 0.019590871208254163, 0.023171471541194106, 0.0413949112976611, 0.05495638242894942, 0.0323311863663843, 0.03764143673054275, 1.0000000000000002, 0.03313306844369337, 0.027179096273517785, 0.040786272789809626, 0.0036021626980997654, 0.05275185186731982, 0.016053199542682462, 0.019565013731961317, 0.041435928221601206, 0.006637313625109624, 0.012085851631091653, 0.017299529829159385, 0.029550370465754445, 0.004096989790688563, 0.02787175474729052, 0.018465810645442216, 0.0442816019366027, 0.02964491673614545, 0.0222910581369906, 0.02541607479264461, 0.061452080548210886, 0.03507110246406103, 0.022934166921447452, 0.03504577378303345, 0.03908500526790007, 0.020485434469663513, 0.032712342497635216, -1.5048585423779975E-16, 0.03067981075632713, -8.029420410406903E-16, 0.014372752522371976, 0.014264602532440633, 0.060900906374453764, 0.008626086110738203, 0.037870620910020435, 0.05204688150997756, 0.02103220172739412, 0.03112988791059374, 0.05391012462122718, 0.1035963090227117,}, {
                    0.04425714214512101, 0.037075744552984506, 0.020576893266234454, 0.02539748283263245, 0.007760090479275081, 0.032935184972886056, 0.08828389762083204, 0.04420544273525881, 0.05422662931828463, 0.05273273228124814, 0.03313306844369337, 1.0, 0.027109107029407994, 0.06406953808310313, 0.008045136059861693, 0.044647149373867455, 0.04305738827233595, 0.009603821019226461, 0.04632041051536124, 0.02192559925991469, 0.005591365327536369, 0.043393656215267536, 0.02372247938744501, 0.012377222219227369, 0.017402029037531283, 0.04312264869274893, 0.0925755238655785, 0.009114231504729285, 0.021191079912104813, 0.04038552777825925, 0.01225903522589234, 0.039146089927044936, 0.008170377860301135, 0.06759441626488358, 0.03859978137179204, 0.03501654530141917, 0.030414263150027664, 0.024913713391904777, 0.034247598239860025, 0.019728918228567267, 0.026200125821804345, 0.03923066779401876, 0.002913844649332299, 0.0011649186420872914, 0.05124941680689942, 0.08431666980137778, 0.010487459827380786, 0.04978822670085742, 0.03897110928516858, 0.020497662114046293,}, {
                    0.006815573549560347, 0.02356069434858016, 0.020111665146663574, 0.023121968037129244, 0.07485480416964603, 0.026994197190169943, 0.023821415358968992, 0.05729310476288964, 0.03757369444871475, 0.005882188070813898, 0.027179096273517785, 0.027109107029407994, 1.0, 0.03886376818871533, 0.013784297293194437, 0.07872175383255606, 0.05031410358154862, 0.02230120361953243, 0.013336873045575851, 0.05346072453406032, 0.018557560650615642, 0.01722693151001321, 0.02171203036627435, 2.1381970463341327E-4, 0.09313790171350363, 0.026180040660333387, 0.028482345533594258, 0.002716071830277015, 0.061672630951661, 0.022265004408642822, 0.01416835287373758, 0.03986634134682537, 0.03575004121645586, 0.05475037965937367, 0.03956378897186743, 0.015485099855902509, 0.06928964357472985, -3.435129797111356E-16, 0.017914461275709125, 0.005098803390428095, 0.02458222269093514, 0.021583894165162116, 0.0054279989485920485, 0.02855548362260464, 0.02576904761884207, 0.005839681109473376, 0.013745840747429742, 0.0015382883590243782, 0.014693845680736657, 0.035007674048493934,}, {
                    0.01774633394586511, 0.03212273989043531, 0.015456092082323108, 0.02772413018039436, 0.05378085513794201, 0.02652353429092247, 0.031172039930886863, 0.06103274747389457, 0.02851350008242037, 0.010345425566601755, 0.040786272789809626, 0.06406953808310313, 0.03886376818871533, 1.0, 0.010724349705921572, 0.033678078308048184, 0.035858729200541166, 0.01641867397147173, 0.03045148354798115, 0.019748255189279813, 0.02470388235394761, 0.024127898879678263, 0.017462391797547685, 0.004319142343204574, 0.021661013792609696, 0.05903508443489981, 0.031123692806225643, 0.011292145078724836, 0.026210127860450308, 0.012456267282670316, 0.005927902260506894, 0.04446237078736186, 0.016654425005908146, 0.05143215328109823, 0.03779903765876205, 0.03270447368234204, 0.050086084315052765, -5.155471920374393E-16, 0.008365412310315328, 0.010318676592665934, 0.002164620331854684, 0.017011851176005937, 0.007472705474373773, 0.003398884705519074, 0.028897180368618405, 0.027735166187126913, 0.022438485347656658, 0.02411113497338526, 0.004037834292171232, 0.0326371515963671,}, {
                    0.007151908472467239, 0.024754117116364983, 0.008461243417454807, 0.004680419733090338, 0.036148917857488125, 0.014269502905152987, 0.012181052351034165, 0.009336895471721991, 0.005303060002004227, 0.015483985703190428, 0.0036021626980997654, 0.008045136059861693, 0.013784297293194437, 0.010724349705921572, 0.9999999999999999, 0.02664180370904836, 0.02116322161943943, 0.03113730637740041, 0.01587619666224222, 0.007873930162061726, 0.1037597091496994, 0.018999789447191266, 0.0117171210875202, 0.01525121805698407, 0.02619471545033393, 0.0013030159920055348, 0.022565426026251653, 0.005377280730298825, 0.02406323693327319, 0.00806935072293176, 0.022876634076158635, 0.018479638155021884, 0.02807976845953163, 0.011648408500128075, 0.017280825381693433, 0.006151347047440528, 0.032618633954652476, 0.007413875592006438, 0.034777220083316726, 0.01934143867191174, 0.011710460492198638, 0.02475127047857638, 4.847735743985999E-16, -1.601403912636447E-15, 0.012535376789760007, 0.0177521025482493, 0.0021508607057553935, 0.01822169869007752, 0.012041168349603818, 0.02381833410088283,}, {
                    0.02064512037041561, 0.026372574373556515, 0.016856716222813893, 0.016317257907745963, 0.03819358899327206, 0.021464411784280095, 0.018858752728843575, 0.2576290074408486, 0.012031107735603288, 0.0025770283537743734, 0.05275185186731982, 0.044647149373867455, 0.07872175383255606, 0.033678078308048184, 0.02664180370904836, 1.0, 0.011678342006869305, 0.03881450377269984, 0.022627891487683793, 0.033025918231215055, 0.03227541362391711, 0.025637653917179423, 0.025084921165627452, 0.0011608465001999837, 0.041828855891423884, 0.03607762697365908, 0.04705225375824721, 0.002651382870764874, 0.028129146378229625, 0.00656479915717038, 0.060705872982479606, 0.01633189378007305, 0.04636884213001723, 0.014737264850289198, 0.01817180875501669, 0.021503531910040542, 0.08518464090687326, -1.5485780657528977E-15, 0.013268105688061261, 0.010683851497000529, 0.008566459303249258, 0.014425624850463057, 0.01069761747169347, 0.0031078321110424205, 0.036435331747619634, 0.03588929904908229, 0.007380571668802292, 0.006968837846233388, 0.04326149060302786, 0.020555503738553933,}, {
                    0.017815514347884396, 0.013592708636817554, 0.025182345031807284, 0.02202857747494572, 0.02602259831778819, 0.04251511087518049, 0.02206602045412969, 0.017685389144102087, 0.04120322752549253, 0.005101399880921878, 0.016053199542682462, 0.04305738827233595, 0.05031410358154862, 0.035858729200541166, 0.02116322161943943, 0.011678342006869305, 1.0, 0.03806494458808221, 0.048054717475752955, 0.014272060052314408, 0.04867118925216545, 0.04068194792016468, 0.028416228729153895, 0.005962904672290727, 0.08295987988405494, 0.02390293124577815, 0.07167819620860996, 0.036168978113400335, 0.023906389081904927, 0.04504044908860815, 0.04990535711703671, 0.07344198224985822, 0.013543017238993324, 0.05751352374162748, 0.04674416086619491, 0.015079532473772726, 0.020934236212927466, 0.009426420116975224, 0.0196731964220834, 0.0328104018534246, 0.04340933229476936, 0.04981022350627723, 0.01945479698134463, 0.005502191671552246, 0.028826074500558355, 0.020999711778456, 0.007919976492569097, 0.033375916242563856, 0.011467935060451316, 0.02473067270759662,}, {
                    0.008745627272745513, 0.013539410929858203, 0.006704882050773959, 0.017313422337101796, 0.00683778456593197, 0.02132365003227794, 0.02713145206208434, 0.03129719526444756, 0.012668806989567974, 0.006308538659269645, 0.019565013731961317, 0.009603821019226461, 0.02230120361953243, 0.01641867397147173, 0.03113730637740041, 0.03881450377269984, 0.03806494458808221, 0.9999999999999999, 0.037412041972704625, 0.015188276294774915, 0.014657787249208468, 0.02558509327785137, 0.018579428863655163, 0.006047466566142709, 0.034899561195254176, 0.027490581517817417, 0.022946499117959308, 0.00833795535885211, 0.019412719864032046, 0.0022069812309100903, 0.013048975700640321, 0.0019488769359553623, 0.13831273898878496, 0.008988308732257276, 0.013446019664308655, 0.012287465369089102, 0.056080521433029676, 0.011763612150757262, 0.02463648045492713, 0.006839555755419745, 0.001845343765785621, 0.02238519028596635, 0.005385859022474444, 0.07833714498529239, 0.01635455166535102, 0.013069591860813436, 0.008006436424481185, 0.002450372999878399, 0.018341180888171986, 0.031364171897608435,}, {
                    0.03598135041576664, 0.06227300246143165, 0.011501566192026002, 0.016648376677670187, 0.025264937675610905, 0.027457072603648155, 0.03693979056338514, 0.05551183740769873, 0.025299586657099905, 0.03870786523925304, 0.041435928221601206, 0.04632041051536124, 0.013336873045575851, 0.03045148354798115, 0.01587619666224222, 0.022627891487683793, 0.048054717475752955, 0.037412041972704625, 1.0, 0.019835182323560876, 0.00857874135744962, 0.020968563355726562, 0.03145181569047045, 0.016734231914353692, 0.03964816092822344, 0.02235898913936218, 0.043090650563164815, 0.024923336062414352, 0.018619476054636333, 0.02332405116258064, 0.022556047830857677, 0.024967298202842922, 0.023932830201244586, 0.04056598841287167, 0.029421845866475928, 0.017185221991130293, 0.03594859351751885, 0.008087170082880346, 0.03492432588490742, 0.03140649669273305, 0.010507289305600282, 0.018256228340432085, 0.03692952728983386, 0.003943891024038017, 0.014437058884265006, 0.02821963876896249, 0.013058590138332781, 0.028089490664679553, 0.006286269418861521, 0.01739609512489042,}, {
                    0.00761313104003948, 0.010606257018283114, 1.6861378973259242E-15, 0.022828522305391327, 0.03176596607613083, 0.008811990280796775, 0.031204240156827847, 0.025975234947088647, 0.006192362389709298, 0.0140686070731542, 0.006637313625109624, 0.02192559925991469, 0.05346072453406032, 0.019748255189279813, 0.007873930162061726, 0.033025918231215055, 0.014272060052314408, 0.015188276294774915, 0.019835182323560876, 1.0000000000000002, 0.022650070225821255, 0.005195303622437374, 4.5388158235984313E-4, 0.004931048108224002, 0.018766844784001008, 0.030577499950749477, 0.022438783459318244, 0.007732336222921613, 0.008742749207118811, 0.0044051502103287865, 0.004787454602659926, 0.024371561636726456, 0.028098732731646054, 0.00825847188948036, 0.012133282798861075, 0.020809562991061067, 0.04529911451733579, 0.012838605554847036, 0.0048589964636060684, 0.007489091824804496, 0.010226288807203446, 0.008339572745241376, 0.004004228934446876, 0.035314729738157295, 0.013791437545857509, 0.017914896656657648, 0.007414650026378431, 0.01826936324675317, 0.005065990120975363, 0.027774475507251005,}, {
                    0.018422676518711108, 0.011136565003475107, 0.01022696686255738, 0.005311410931350474, 0.11192283282018212, 0.05859128168460986, 0.026361028244364218, 0.021532073688980805, 0.018731106290520678, 0.013490391494244011, 0.012085851631091653, 0.005591365327536369, 0.018557560650615642, 0.02470388235394761, 0.1037597091496994, 0.03227541362391711, 0.04867118925216545, 0.014657787249208468, 0.00857874135744962, 0.022650070225821255, 1.0, 0.026351908972889485, 0.014668203309270723, 0.034495139885701825, 0.03912888949418732, 0.00794888739045754, 0.035864663397437144, 0.02068240346204267, 0.050324612140847436, 0.011599268376891188, 0.01718998626583435, 0.00571557694041847, 0.02686443315463794, 0.012773284218195825, 0.029807591723920338, 0.024938553926681446, 0.04720421096527442, 0.016265903996880715, 0.030428086948646155, 0.04472560464066114, 0.01152517329871686, 0.02383143445591861, 0.008621272966802321, 9.94154964952443E-4, 0.048800714862650696, 0.03316426309512408, 0.013045923438091788, 0.006111201566296037, 0.021006368273796247, 0.020616073581265156,}, {
                    0.05171549214854215, 0.009109401827606835, 0.027804553880307215, 0.030954787140581357, 0.017722603858777865, 0.014458901548183346, 0.06670531014265614, 0.02429615423483957, 0.044301123241655055, 0.04674564552655651, 0.017299529829159385, 0.043393656215267536, 0.01722693151001321, 0.024127898879678263, 0.018999789447191266, 0.025637653917179423, 0.04068194792016468, 0.02558509327785137, 0.020968563355726562, 0.005195303622437374, 0.026351908972889485, 1.0000000000000002, 0.12321022624282998, 0.020170986321101078, 0.04078745121143869, 0.02196767027993087, 0.0990954784984552, 0.06371529236677777, 0.033044664583445175, 0.08075567102314801, 0.0593852039668615, 0.08443111603671204, 0.019855002462258898, 0.06822130341803258, 0.032709397112027375, 0.08565217952600336, 0.03329513206005593, 0.044920139897455004, 0.07724399419823327, 0.04659964351808695, 0.07989282645638274, 0.2144867360804968, 0.03424160523942062, 0.004045562956436667, 0.029217316861075277, 0.05759458091810146, 0.017404605160579737, 0.023765842861461287, 0.06334130034235189, 0.04729456947209885,}, {
                    0.05261722325062831, 0.0101943886068224, 0.023828941437100376, 0.012898556407280331, 0.020749034494162547, 0.015970867469290544, 0.04803893973202617, 0.026060021718321915, 0.01617005810417948, 0.05473370602835341, 0.029550370465754445, 0.02372247938744501, 0.02171203036627435, 0.017462391797547685, 0.0117171210875202, 0.025084921165627452, 0.028416228729153895, 0.018579428863655163, 0.03145181569047045, 4.5388158235984313E-4, 0.014668203309270723, 0.12321022624282998, 0.9999999999999999, 0.036446543661774446, 0.029318683600250004, 0.02954292907667266, 0.059034780832300376, 0.013995415277672304, 0.035485320181635235, 0.03987216797281501, 0.05588674648936817, 0.0797863507098248, 0.017058066995553414, 0.043767908413631054, 0.04484504993173136, 0.051276720437204146, 0.03181628365038633, 0.021396247783230318, 0.07522145525941372, 0.034613751457760494, 0.03867522760533535, 0.0870985966741297, 0.012661233388965028, 6.227627123330168E-4, 0.01646181920562788, 0.02921790100997082, 0.006275983497874277, 0.03841068659225759, 0.04754583043040015, 0.03511751160977146,}, {
                    0.027574460746159504, 0.015715311798334027, 0.0011240420920939406, 0.02634631761060242, 0.0028030483129268986, 0.015436444578439103, 0.02633471766270678, 0.014083656846748544, 0.03077858104932589, 0.02858508960231142, 0.004096989790688563, 0.012377222219227369, 2.1381970463341327E-4, 0.004319142343204574, 0.01525121805698407, 0.0011608465001999837, 0.005962904672290727, 0.006047466566142709, 0.016734231914353692, 0.004931048108224002, 0.034495139885701825, 0.020170986321101078, 0.036446543661774446, 1.0, 0.017179555359573637, 0.005208052243442664, 0.021848172517658644, 0.032186275895515766, 0.015113162585475882, 0.016413906309512945, -1.791815773807897E-15, 0.00916851998452231, 0.021761281812356453, 0.02006323467404883, 0.010616652106063336, 0.11958728450412302, 0.00740915803856879, 0.023571428447782865, 0.022906660004412042, 0.008398699819290341, 0.013440987265880307, 0.022366965794301603, 0.003208293192067917, 0.0016859890682098372, 0.008113363825629836, 0.026701438299110838, 0.02392427329675243, 2.977009913850089E-4, 0.02440707766520641, 0.013490302931774088,}, {
                    0.037412025423681536, 0.01947492462797325, 0.003014448858235918, 0.04550183026829739, 0.03886885482898606, 0.07986375881397546, 0.02547979634870956, 0.036884323712824955, 0.10632377932045332, 0.010503070940765673, 0.02787175474729052, 0.017402029037531283, 0.09313790171350363, 0.021661013792609696, 0.02619471545033393, 0.041828855891423884, 0.08295987988405494, 0.034899561195254176, 0.03964816092822344, 0.018766844784001008, 0.03912888949418732, 0.04078745121143869, 0.029318683600250004, 0.017179555359573637, 1.0, 0.003748455825489866, 0.07405173974647307, 0.02005230842924582, 0.06805984937012403, 0.01968376690887011, 0.03405212902032634, 0.07282181133249327, 0.02568152753942489, 0.04342375788543386, 0.030010470935968328, 0.021668555470045186, 0.02818959154180293, 0.004311883764270663, 0.027032364698462482, 0.014225971735213101, 0.029746637256521474, 0.06989071735617398, 0.010477204564798148, 0.0044553245322496915, 0.04157770815067149, 0.027046004740135732, 0.015337584486317675, 7.866922480131137E-4, 0.033459919631910695, 0.02111810180658179,}, {
                    0.05423331980339463, 0.011624254605228276, 0.02785141052905071, 0.025555098573710903, 0.03120328127963516, 0.014962571314748038, 0.03666960467945822, 0.04100680731592744, 0.021865058454011325, 0.05027769611269822, 0.018465810645442216, 0.04312264869274893, 0.026180040660333387, 0.05903508443489981, 0.0013030159920055348, 0.03607762697365908, 0.02390293124577815, 0.027490581517817417, 0.02235898913936218, 0.030577499950749477, 0.00794888739045754, 0.02196767027993087, 0.02954292907667266, 0.005208052243442664, 0.003748455825489866, 1.0000000000000002, 0.03577081168337415, 0.002167689876160867, 0.022220096230989098, 0.007361186407252257, 0.012800138129406224, 0.04978832312851777, 0.027880657031475936, 0.06498883512052266, 0.0860792256527855, 0.004131211700959649, 0.044516100638205144, 0.007982926081107542, 0.012240061256074849, 0.01385535062483949, 0.009317962067405537, 0.029055961840645468, 0.007926065004800144, 9.20997404777953E-15, 0.006053436955512074, 0.021523253193603743, 0.010886105375058106, 0.0032962356270036333, 0.020431415314319072, 0.052431345944644187,}, {
                    0.07417089351199604, 0.033498138435048265, 0.03960489088827551, 0.057484596662451606, 0.015310779045409447, 0.026170816124653575, 0.10579486581469608, 0.0479423147019191, 0.025146881391530162, 0.0530072858585954, 0.0442816019366027, 0.0925755238655785, 0.028482345533594258, 0.031123692806225643, 0.022565426026251653, 0.04705225375824721, 0.07167819620860996, 0.022946499117959308, 0.043090650563164815, 0.022438783459318244, 0.035864663397437144, 0.0990954784984552, 0.059034780832300376, 0.021848172517658644, 0.07405173974647307, 0.03577081168337415, 1.0000000000000002, 0.01764425457910018, 0.05094838731663402, 0.04658725280627345, 0.03582798396892609, 0.10074228989201207, 0.05165397657986608, 0.07193442290067026, 0.04574127556664417, 0.030647883019822415, 0.04323018743047138, 0.05919083128377588, 0.057267727167393694, 0.03193066245824607, 0.03537737814262621, 0.06712975231149336, 0.030510710630994246, 0.0200254653305073, 0.03916575817026736, 0.08335632386816116, 0.05289816405344921, 0.008213921849462796, 0.07484415256440848, 0.027414169714390913,}, {
                    0.012593538473459209, 0.012412331842773579, 0.030621296399364447, 0.003298011223280125, 0.0034761370452860347, 0.004456962127345014, 0.013016694298455873, 0.016733865737153086, 0.012595461240351135, 0.023515644722633892, 0.02964491673614545, 0.009114231504729285, 0.002716071830277015, 0.011292145078724836, 0.005377280730298825, 0.002651382870764874, 0.036168978113400335, 0.00833795535885211, 0.024923336062414352, 0.007732336222921613, 0.02068240346204267, 0.06371529236677777, 0.013995415277672304, 0.032186275895515766, 0.02005230842924582, 0.002167689876160867, 0.01764425457910018, 1.0000000000000002, 0.007859089390968904, 0.06555091814313198, -4.048450470433604E-15, 0.006538413029381956, 0.005069354927589566, 0.029900533225569147, 0.02165485942335103, 0.02907064996456848, 0.023156540745135124, 0.018279309715981466, 0.03480015109579254, 0.043798310464125766, 0.017442769488342457, 0.03854497610593231, 0.008225338748874673, -1.8715875127507396E-15, 0.008630727112730526, 0.01248119802233096, 0.0014003272914818858, 0.0170022221425481, 0.046288668026563166, 0.0511552205058949,}, {
                    0.01611476279986919, 0.044168590673237015, 0.01712232977379224, 0.040519201286986786, 0.06061217670862938, 0.018618510239282425, 0.03994320069376676, 0.01947195632818073, 0.025383646859718036, 0.013318487521248699, 0.0222910581369906, 0.021191079912104813, 0.061672630951661, 0.026210127860450308, 0.02406323693327319, 0.028129146378229625, 0.023906389081904927, 0.019412719864032046, 0.018619476054636333, 0.008742749207118811, 0.050324612140847436, 0.033044664583445175, 0.035485320181635235, 0.015113162585475882, 0.06805984937012403, 0.022220096230989098, 0.05094838731663402, 0.007859089390968904, 0.9999999999999999, 0.010946941394911425, 0.01785226538519364, 0.038090233749763655, 0.01392920878518244, 0.035674947020808125, 0.04205383538315396, 0.006789407002139133, 0.04666886851566151, 0.0051664189164371, 0.03751062802723153, 0.004859661120938305, 0.018387956004789582, 0.05417228622732474, 0.013611055803922857, 4.2444391110650705E-15, 0.016339801217414306, 0.02565793066006963, 0.009576607635770675, 0.012174361941447408, 0.009218991839176353, 0.008400151782844692,}, {
                    0.02747222790310949, 0.013845214872145128, 0.009095426036534715, 0.029530637355325656, 0.017835532221116876, 0.05303349669469808, 0.03108344002263407, 0.018978963537283084, 0.02273229234462871, 0.015214614454055884, 0.02541607479264461, 0.04038552777825925, 0.022265004408642822, 0.012456267282670316, 0.00806935072293176, 0.00656479915717038, 0.04504044908860815, 0.0022069812309100903, 0.02332405116258064, 0.0044051502103287865, 0.011599268376891188, 0.08075567102314801, 0.03987216797281501, 0.016413906309512945, 0.01968376690887011, 0.007361186407252257, 0.04658725280627345, 0.06555091814313198, 0.010946941394911425, 0.9999999999999999, 0.011091539535944989, 0.023731949122820818, 0.01372479402666629, 0.05380316132083144, 0.016673737559996404, 0.05083051242413076, 0.019023140571312238, 0.002524878350633439, 0.08961817019336851, 0.028581474112875236, 0.04582980813845337, 0.033089666778613934, 0.01745617075728706, 0.005849755501731707, 0.06585733290850151, 0.056198154433820854, 0.032149696722960114, 0.022041057559805375, 0.03460351024711228, 0.042645741968169545,}, {
                    0.0076686603902527154, 0.009520472671775122, 0.017921544001405127, 0.024737063994749044, -2.0099231730763816E-15, 0.012917395615246997, 0.0329604656873352, 0.008320788597047666, 0.013500301148513402, -6.3434637193337715E-15, 0.061452080548210886, 0.01225903522589234, 0.01416835287373758, 0.005927902260506894, 0.022876634076158635, 0.060705872982479606, 0.04990535711703671, 0.013048975700640321, 0.022556047830857677, 0.004787454602659926, 0.01718998626583435, 0.0593852039668615, 0.05588674648936817, -1.791815773807897E-15, 0.03405212902032634, 0.012800138129406224, 0.03582798396892609, -4.048450470433604E-15, 0.01785226538519364, 0.011091539535944989, 1.0000000000000002, 0.059260175292725155, 0.018881523036950412, 0.014886143190013659, 0.03491279588482472, 0.030050043108707684, 0.02202980149516454, 0.012837548261482984, 0.075082296214895, 0.04765988207163515, 0.042444695179419366, 0.04258861972584337, 0.022468689106509575, 0.00522871787265072, 0.020541016216128385, 0.004510029566359989, 0.008310416233010931, 0.007624505037206794, 0.01764195644206799, 0.005192152792024602,}, {
                    0.03957951948462889, 0.03752529432159032, 0.037178590719049, 0.01939270170264827, 0.020389861070875537, 0.0088858863109543, 0.03407062824148235, 0.027706933501538186, 0.009209566303486627, 0.03212592291240591, 0.03507110246406103, 0.039146089927044936, 0.03986634134682537, 0.04446237078736186, 0.018479638155021884, 0.01633189378007305, 0.07344198224985822, 0.0019488769359553623, 0.024967298202842922, 0.024371561636726456, 0.00571557694041847, 0.08443111603671204, 0.0797863507098248, 0.00916851998452231, 0.07282181133249327, 0.04978832312851777, 0.10074228989201207, 0.006538413029381956, 0.038090233749763655, 0.023731949122820818, 0.059260175292725155, 1.0, 0.010252701748827323, 0.09124414138932321, 0.08584026554976919, 0.01566012164085516, 0.03155898290510189, 3.416223823364516E-15, 0.10369295297920385, 0.029778749402840546, 0.10569640400721153, 0.22723147465784133, 0.026705049908687675, 0.006944834417654001, 0.0255375335180604, 0.0597727283565675, 0.015361991940723716, 0.01011519167655032, 0.03927088869975805, 0.03054322416942998,}, {
                    0.030965472558701065, 0.019812869898173283, 0.001393803501794686, 0.028696351171930416, 0.019328395495426608, 0.028304634980979227, 0.013793300606946701, 0.07062182673668581, 0.021678153997772728, 0.019107616807918604, 0.022934166921447452, 0.008170377860301135, 0.03575004121645586, 0.016654425005908146, 0.02807976845953163, 0.04636884213001723, 0.013543017238993324, 0.13831273898878496, 0.023932830201244586, 0.028098732731646054, 0.02686443315463794, 0.019855002462258898, 0.017058066995553414, 0.021761281812356453, 0.02568152753942489, 0.027880657031475936, 0.05165397657986608, 0.005069354927589566, 0.01392920878518244, 0.01372479402666629, 0.018881523036950412, 0.010252701748827323, 0.9999999999999999, 0.02230119887085502, 0.01068693787223638, 0.005885700234361207, 0.09835704360963944, 1.0595497870367703E-15, 0.019371097319589883, 0.0031989723320731303, 0.013888505646547825, 0.020306570408111884, 0.02436160887200096, -6.130057164864556E-15, 0.029083404648101552, 0.025547028420680726, 0.008373539867590022, 0.019263990739340396, 0.010887469563766353, 0.028441756549252423,}, {
                    0.04369467803957773, 0.015347546866162494, 0.06154841407838006, 0.02546617547927889, 0.02325011501032571, 0.01586049750882885, 0.07462554853798051, 0.034533773355074376, 0.04582142179749822, 0.05839409127338222, 0.03504577378303345, 0.06759441626488358, 0.05475037965937367, 0.05143215328109823, 0.011648408500128075, 0.014737264850289198, 0.05751352374162748, 0.008988308732257276, 0.04056598841287167, 0.00825847188948036, 0.012773284218195825, 0.06822130341803258, 0.043767908413631054, 0.02006323467404883, 0.04342375788543386, 0.06498883512052266, 0.07193442290067026, 0.029900533225569147, 0.035674947020808125, 0.05380316132083144, 0.014886143190013659, 0.09124414138932321, 0.02230119887085502, 1.0, 0.0696135576480261, 0.02891691610900112, 0.030079903474944082, 0.02980725304472593, 0.03796650350202295, 0.02783220645478675, 0.06831048661628614, 0.035359435882928655, 0.027562306484395907, 0.0029093084702623753, 0.023835487961916795, 0.05748610818920128, 0.047668827758356326, 0.008542612763734728, 0.02970857620858167, 0.04700370912863806,}, {
                    0.024030286769333293, 0.014844571507104873, 0.04523169420064948, 0.036475004346994, 0.02697517595745973, 0.011034674753246819, 0.03098343845551061, 0.06711977888707003, 0.025164751881779888, 0.02107383824591493, 0.03908500526790007, 0.03859978137179204, 0.03956378897186743, 0.03779903765876205, 0.017280825381693433, 0.01817180875501669, 0.04674416086619491, 0.013446019664308655, 0.029421845866475928, 0.012133282798861075, 0.029807591723920338, 0.032709397112027375, 0.04484504993173136, 0.010616652106063336, 0.030010470935968328, 0.0860792256527855, 0.04574127556664417, 0.02165485942335103, 0.04205383538315396, 0.016673737559996404, 0.03491279588482472, 0.08584026554976919, 0.01068693787223638, 0.0696135576480261, 1.0, 0.00924690604822549, 0.045801243222737355, -4.676698119860881E-16, 0.019584669299528568, 0.05734703112528343, 0.026224394730433524, 0.02065187317808653, 0.02031920633432253, 8.922480051973212E-4, 0.021938332171844283, 0.038619699491470684, 0.03126284749611612, 0.005856048967269919, 0.024444408119052363, 0.03603967393987419,}, {
